13112535154688
1670742280208
10462540335104
588410521600
4677219388432
2873333121024
5639292060672
2284922602512
618475293712
257698040832
7340099109904
4247722656784
1086626727936
571230652432
12459700128784
240518171664
1082331761680
11411728106512
5759551146000
9088150800384
5330054415360
347892350992
4574140170240
8783208121344
244813135872
5089536246784
4075923965968
7473243097088
4900557685760
5141075854352
7288559502336
11274289152016
6425271075856
11274289153024
5931349835792
7769595839504
11012296149008
9259949492224
897648164864
10380935955456
10329396347904
983547510800
12700218295312
6597069767696
5570572583952
11480447585296
7902739825680
12597139082256
9831180140544
10776072946688
2662879726592
1275605286928
704374639616
2100239007744
8594229560336
4728758993936
7735236101120
4367981741072
777389082624
9431748184080
154618825728
2044404435968
519691042816
1138166333456
292057779200
12597139082240
395136994320
7872675055632
6000069314576
1206885810192
1292785157136
10050223473680
2890512992256
1344324764672
760209211408
5879810230288
670014901264
7821135447040
12906376724480
11927124181008
2594160249856
1120986464272
1722281886736
10329396348944
10363756085264
416611828736
760209213440
485331306512
279172876288
2817498550288
12098922875920
8332236556304
8834747728896
4952097292304
9092445766672
5450313499648
4539780432896
1069446858752
983547510784
7318624274432
755914247168
6446745911312
2989297239056
9775345567744
176093661184
9947144259584
897648166928
588410520576
10380935954432
296352743424
11446087845888
7271379634192
1413044241424
7713761265664
3813930959872
7202660155408
3010772075520
2662879726608
347892353040
6120328397840
10020158702592
11652246276096
760209213456
2508260903952
11514807321600
2581275345936
6442450946064
7267084667920
1584842933248
3852585666576
10947871638544
12390980651024
5467493367824
5656471929856
3801046059008
7151120548880
790273985536
176093659136
777389080576
10754598110224
1636382540816
622770257936
811748818960
846108557328
8130373093392
8439610737680
1103806595072
12597139080208
11995843659776
12184822218752
5377299055632
7443178325008
7335804144640
193273530368
12837657248768
7202660156432
515396078608
1481763717136
1430224109584
12390980652048
2546915609616
1069446858768
674309865472
1533303326736
10020158703616
5673651799056
11239929415680
330712481808
11446087845904
1017907249152
4539780433920
725849475088
1292785158160
2336462210048
10312216479744
7421703488528
429496732672
10690173600768
296352744448
227633266688
5312874545168
11824044968960
10484015172624
10222022165504
12923556593664
11824044968976
10191957395456
4900557685776
6116033432592
158913792000
1430224111632
5811090752512
7357278979072
588410519568
876173331456
858993462272
1567663063056
8211977472016
8491150346256
8504035247104
4608499908608
4952097293328
7885559956480
652835032080
11961483920400
7477538062336
12305081304064
2615635083264
7168300417024
12236361826320
8611409430544
5209795333136
9848360011776
12872016987136
2473901165568
1670742279184
257698040848
8937826946064
5519032976400
2718714298384
5862630359056
2735894168576
433791696912
5261334938624
11995843657744
1017907249168
1155346204688
8405251001360
11343008630800
5570572583936
1550483195920
8628589297664
502511174656
12305081306128
9143985373184
10587094385664
1138166335504
12665858556944
10484015172608
382252091392
2856153252880
4312147169280
12494059866128
9706626090000
4844723113984
13112535155712
1052266989584
137438956544
4488240827408
11171209939968
2838973382656
2735894167552
5089536246800
880468297728
1705102016528
807453854720
4934917424128
4608499909648
10222022165520
10604274253840
7219840024576
8181912699920
11514807322624
4385161610240
966367641616
12425340390400
1275605286912
4797478469632
10346576217088
10741713209360
9625021712384
6017249181696
4728758994944
8491150345216
8473970477056
6446745912320
12219181957136
10879152160784
5982889445376
1378684503040
2718714299408
7610682050576
824633723904
1378684503056
9779640533008
6446745911296
502511173648
6412386173952
11480447583248
674309865488
8250632175616
7645041788928
399431959552
2632814952448
10754598110208
13009455940608
244813137920
584115555344
463856471056
141733922816
2937757634560
7387343752192
7872675054592
11858404705280
1705102018576
7855495186432
7593502181376
5673651798032
10707353469952
4402341478400
880468297744
11308648893456
1722281886720
10599979288576
10535554777104
9126805505040
8920647074832
8594229559296
8473970476048
463856471040
8267812044800
11050950853632
3886945403904
11446087843856
5519032976384
1138166335488
4780298600464
6000069313552
1202590845952
9259949492240
674309867536
7696581397520
330712482816
4367981740032
2319282340864
8211977472000
5755256180736
554050783232
11136850198544
5566277619712
9814000273424
1172526073872
274877910016
9470402888720
1219770715152
11858404705296
9534827398144
227633266704
1481763718160
8315056688128
10879152160768
12064563137536
2461016260608
2800318680080
2478196129808
5261334937600
11411728108560
5639292061712
1378684502032
8662949038096
5828270621696
309237648384
9534827398160
4316442133504
1327144895504
412316863488
9350143803392
5209795331088
5205500366848
4294967297024
1498943586320
2100239008768
2735894169616
1413044241408
5673651800064
313532614656
2203318223872
8315056688144
876173331472
2598455216144
6171868005376
6034429051920
5759551147024
9363028706304
13095355286528
2804613644288
9642201581584
10977936411648
12528419605520
3801046057984
3143916061712
6167573041168
1000727382032
12236361829392
12992276070400
4385161609232
5931349838848
1739461754880
5398773894160
5450313498624
7271379633152
7580617278480
10518374908928
12030203399168
1103806596096
13043815678976
4419521349632
9281424327680
12923556594688
12133282613248
137438956560
4488240825344
8766028253184
4419521347600
6171868007440
691489736704
12236361828352
554050783248
12064563136512
481036340224
11480447582224
5811090752528
2512555870224
10037338571776
446676601856
1413044240384
9019431322640
3951369914368
519691043840
7318624274448
2078764173328
7322919239696
7885559956496
5927054872592
8817567858704
10776072946704
12734578035712
4849018079248
8989366550544
330712483840
2920577762320
10535554778112
5927054872576
1344324763664
11961483920384
481036340240
8263517079568
725849474048
6326486828032
9521942496256
326417517584
5278514806800
8233452306448
1224065680384
5016521802752
2821793516560
8817567860736
7838315316224
704374639632
1516123457552
794568951824
5312874547200
10587094386704
9161165243408
2598455215120
5037996641280
11549167059984
2890512993280
828928689152
863288428544
4196183049216
2508260903936
416611827712
8177617733648
8542689952784
10020158701584
10037338572816
10587094385680
1069446856704
11102490461200
11136850200576
554050781184
2890512991248
5639292060688
12459700128768
292057779216
1619202670592
691489736720
11136850201616
2649994821648
4934917423104
794568950784
7168300419088
4123168608272
11995843660800
4316442135552
6360846566400
9006546421776
8143257995264
3264175145984
7391638717440
261993007120
11789685229568
141733920768
7541962572816
8302171783184
7438883358736
11583526800400
11720965752848
5811090751488
365072222208
2804613646352
5982889444352
9693741189136
8491150345232
2542620643328
1099511630864
1516123456512
10484015171584
11720965752832
4745938863104
10140417787904
7335804144656
8194797603840
7559142443008
12064563137552
12425340388368
10466835301392
5394478927888
9985798965264
966367641600
927712939008
863288426512
13009455939584
8456790606848
7352984012800
8280696947712
1602022803472
2027224565776
9603546875904
8645769167888
6103148528656
7683696492560
5089536245760
9298604195856
193273529344
7649336755200
7627861920768
3886945402896
549755816960
5158255722496
4483945861120
2804613645312
7215545060368
11583526798352
1361504633872
10810432684032
6532645257216
8418135901200
244813136896
193273530384
11686606013440
2529735737344
3006477109248
4230542787584
2130303782928
828928690176
10329396346896
4058744096768
10896332032016
910533069824
7511897802768
4247722657808
13026635809792
5398773891088
6567004996624
11102490463248
10191957394432
377957125136
9109625637888
2422361555968
9504762628096
11789685227536
828928688144
8766028254224
9281424329744
549755816976
5330054416400
4196183050256
10982231375872
4556960302080
8920647073808
10174777524224
6326486827008
10157597655056
7524782704656
12425340389392
11686606015504
10827612555264
12975096202240
914828036096
1447403979792
1602022801424
8611409429520
10123237917712
10690173600784
1636382540800
588410521616
8126078127104
7443178323984
8297876817920
7632156886032
2972117370880
7288559501312
9281424328704
4608499909632
4556960303120
12322261173264
983547512832
6120328396800
8473970475024
11480447583232
2598455215104
708669605888
2529735738384
1447403978752
4312147169296
12665858557968
1103806595088
1069446857728
1172526071808
794568951808
12768937774080
11652246274064
3852585665536
3384434230272
8194797603856
2564095475712
11308648891392
2439541425168
11652246277136
10552734647312
1133871369216
6395206304768
708669604864
11858404704272
4127463574544
1447403979776
1138166333440
261993005072
11377368368128
10050223473664
10501195039760
11308648893440
8319351653376
8349416425488
863288427520
5622112192512
743029342208
2181843387392
7730941134864
944892808208
4655744549888
1344324764688
9814000272384
11411728107520
7185480286208
4900557684736
1567663065104
11480447584256
11411728105488
2886218027024
10844792422400
12133282614272
1344324763648
2027224565760
10290741643264
6412386173968
9431748184064
605590390800
8319351653392
3852585665552
2216203125776
4123168608256
1241245549584
2942052598784
171798694912
11583526800384
2117418880016
4969277163536
5879810229264
10174777525248
2976412337152
1206885812240
1756641626128
1756641624064
3831110829072
8847632630800
1481763719184
2065879269376
12665858558976
7769595838480
571230650368
416611827728
343597386768
8916352108544
11686606014480
6150393168912
12236361828368
4728758992896
141733920784
2821793516544
11995843658752
261993005056
5811090753536
193273528320
7597797147648
9143985374208
11686606013456
11274289154064
176093661200
12837657249792
11892764443664
1189705943056
743029343232
2869038156800
10947871638528
11205569678336
11308648890384
8744553416704
5759551144960
9126805505024
1670742278144
6515465389072
1309965026320
9332963936256
9126805506064
996432415760
11720965751824
485331306496
193273528336
7872675053568
360777255936
1739461755920
12631498820624
1653562408976
880468295696
1464583847936
1224065681424
12098922874896
11652246275072
1086626725888
1047972023312
2856153251856
9264244457488
7198365190144
4556960302096
4024384357392
9178345112592
12163347383296
12734578034704
6768868459536
7340099109888
6171868006416
8297876817936
9363028706320
8937826946048
1172526073856
1361504634896
9350143804416
12494059867136
9831180141568
7301444404240
8302171784208
1206885812224
12098922875904
2422361555984
5106716115984
7902739825664
11686606012432
11824044967936
2147483649040
11549167061008
10947871637504
12322261175312
811748819968
536870913024
12064563135488
11583526799376
5690831667200
6515465388048
880468295680
7511897801744
11343008629760
1567663063040
11308648891408
7370163882000
2954937500688
9607841841168
3886945403920
2770253905920
9642201580560
1481763717120
5209795331072
7718056230928
9796820403200
7151120547840
10501195038736
10157597656080
9521942495232
1035087118336
9436043150352
7374458847248
7529077670912
11961483922432
4900557686784
10793252815872
536870912016
4483945861136
571230652416
554050782208
11583526798336
5278514807824
1756641624080
1172526072832
8955006812176
2735894168592
4488240827392
5312874546192
6309306957840
4230542787600
6395206303744
1464583848976
2890512993296
5501853108224
5879810228224
1722281885696
9796820404224
12356620913664
8353711391744
777389082640
1584842934288
7352984012816
794568949776
1687922147328
5037996639232
12305081305088
12837657250816
9178345111552
7254199763984
223338302464
3624952398848
10844792423440
9848360010752
9109625636864
4797478470672
9642201579536
7271379632128
13060995547136
1413044242448
12528419604496
10191957393424
2615635086352
2753074037760
7391638716416
8319351654416
4179003181056
738734377984
12064563136528
7683696493584
11995843658768
1430224110592
639950127120
7799660610576
12957916333056
7185480287232
846108559360
450971567104
4419521348608
4075923964928
10913511899136
8439610737664
7249904797712
1395864372240
2233382994960
399431958544
8834747727872
10793252816912
11081015624704
5501853107200
4539780432912
2078764173312
10741713207296
1275605288976
10363756087296
12734578035728
330712481792
2478196131840
11205569676304
8199092569104
5862630360064
343597386752
7855495184400
2525440773136
5845450489856
11033770983424
12305081306112
11446087844880
12236361829376
12889196856320
1309965026304
7322919240720
7593502181392
1099511630848
11995843659792
433791698960
227633268752
1013612284944
9350143805456
5158255723536
450971568128
5931349836816
5519032975360
3384434230288
1000727379968
12219181958144
4179003180032
9298604196864
2233382994944
605590388736
7855495185408
2095944042512
7576322313232
309237648400
7421703488512
1653562408960
4367981741056
1516123455488
11583526799360
2478196130832
11720965751808
777389081600
6665789244432
11274289155072
863288428560
11892764442640
11789685228544
1464583847952
8847632630784
622770259984
1327144895488
7284264536080
858993462288
9625021713408
2821793514496
12940736463872
11927124184064
1602022801408
932007904256
8594229561344
11514807323664
1447403978768
10002978833408
863288426496
8916352108560
2336462210064
3624952398864
10724533339136
6120328398864
9796820405264
5261334939648
210453397504
2525440773120
11514807320592
8280696947728
1082331761664
10690173601808
708669603856
5566277619728
914828034048
7765300873216
11824044965904
515396078592
11446087846912
5639292059664
2181843387408
7700876363792
5484673238016
11205569677328
1155346202624
5467493369872
5033701675024
10776072948736
9676561318928
12562779343888
9848360009744
1189705941008
8766028252160
11549167059968
6051608921104
12459700126736
5209795333120
7580617277440
3955664880656
296352743440
4844723114000
7494717932560
365072220176
4196183048208
11617886538752
10930691768336
6309306959888
5037996638224
846108559376
4917737554944
979252546560
5931349838864
1584842933264
949187773440
828928688128
8181912698896
5106716117008
2048699400192
7357278978048
9985798964240
4007204489216
12631498819600
11102490462208
4797478470656
4385161611280
7340099110928
6034429051904
176093659152
10118942951424
12064563134480
1550483194880
1292785157120
10380935956496
4608499910672
326417517568
1035087118352
2942052599824
1086626726912
11720965750800
1035087119360
6085968659456
412316863504
468151436288
3504693314560
2388001817616
7821135448080
7438883358720
755914247184
7649336754176
11961483922448
279172876304
4213362918400
7700876361728
365072221184
399431960592
2920577762304
7696581397504
2873333123088
4230542786576
12030203397120
12202002088976
261993006080
13060995548160
6412386174976
657129997312
5141075854336
9693741187072
9298604196880
12322261175296
7786775710736
2542620643344
1378684504080
1498943587344
657129998352
330712483856
4969277162496
2942052600848
7541962572800
6150393168896
2370821948416
2306397438976
4247722655744
10879152161808
10776072945664
536870914064
708669605904
1206885810176
2748779073536
8594229560320
9088150800400
4969277161472
7679401527312
2667174691856
12030203398144
7473243097104
279172875264
1258425418768
10501195040784
2748779073552
6171868005392
9676561318912
8177617733632
1189705940992
10672993731584
12322261174288
12889196855296
141733922832
2838973383680
811748818944
279172874240
12700218297344
4917737553936
5519032977424
11480447585280
2701534430208
2942052600832
12098922873872
9521942497296
6425271075840
2615635084288
2632814953472
2615635084304
6700148982800
8388071130128
2942052597776
708669603840
2203318222848
8405250999296
12133282613264
966367643664
8955006814224
6309306958864
12202002087936
8744553416720
12283606467584
433791696896
5755256180752
9878424781840
1550483193856
10565619549200
11858404707344
4196183049232
12184822219776
210453399552
2873333122048
4677219386368
2942052598800
7662221657088
485331304464
897648165888
8405251000320
10604274253824
4385161610256
4213362917376
605590389760
7391638717456
11102490462224
9693741188112
313532614672
9470402887696
10982231376912
12236361827344
274877910032
1361504633856
5501853106192
1516123456528
8130373092352
10140417788944
9779640534032
571230650384
4024384358416
9453223021568
5862630361088
1687922148368
7460358194192
10707353468928
11617886536720
12098922872848
807453854736
9332963935232
10501195039744
158913789968
502511175680
7301444404224
9951439225872
7529077669888
601295424528
1241245548544
2890512990208
691489735680
11239929414656
5209795332112
949187772432
588410519552
12356620913680
4024384357376
566935686160
10157597657104
12133282614288
1498943588368
2529735738368
10462540335120
4556960301072
12768937772048
1116691500048
10827612554256
10466835300368
4917737554960
10565619549184
5622112191488
1030792154128
10484015170560
2649994822672
773094116352
11824044966912
5330054415376
7456063228928
11274289155088
4179003179008
9487582756864
6343666697216
1258425417744
9968619097104
8817567859728
6051608921088
5209795330064
1258425418752
12219181958160
7632156887056
11205569675280
11446087846928
2954937500672
932007903248
914828035072
4127463574528
4075923963904
11274289154048
2564095476736
2546915608576
9865539879936
10209137264656
223338302480
1224065679360
8473970476032
12202002087952
7249904797696
674309866496
11514807321616
8319351652352
5501853107216
897648164880
5278514807808
6085968658432
365072220160
5982889444368
8662949036032
6567004997648
1739461754896
11583526797328
188978564112
4745938864144
347892353024
11136850199568
188978564096
1516123455504
12494059865104
9985798963216
11927124183056
691489734672
6446745912336
6287832122384
9006546420736
11136850201600
979252546576
7284264536064
5398773894144
11686606014464
446676601872
1155346203648
5759551143952
1395864371200
8972186681344
7511897801728
7627861920784
6373731468304
897648166912
210453399568
738734378000
6631429506064
1168231107600
4316442134544
10793252814864
601295424512
10672993730560
1035087120400
2989297239040
9453223021584
11411728106496
2031519531024
12700218296336
433791697920
5123895984128
10363756086272
6017249182720
9504762627088
5398773893136
2817498550272
8349416425472
1017907251200
2254857831424
5622112190464
893353200656
1653562410000
10380935955472
9178345112576
949187772416
8405251001344
11789685228560
1481763718144
6768868459520
7370163881984
8611409429504
382252089360
9006546420752
1756641625088
7490422966288
7786775710720
1206885811200
7387343752208
8645769166864
5828270620688
11274289153040
10037338570752
6549825126416
2357937045504
1361504632832
7524782704640
9659381449728
11377368367120
11081015624720
9109625637904
1030792154112
1202590845968
1636382539776
7456063228944
11755325489168
4574140171264
5690831668240
6274947221504
7632156886016
2491081032704
11446087844864
9814000272400
12957916332032
6034429052928
8250632176656
5033701675008
1086626727952
7404523620368
5450313499664
9470402889744
2478196130816
9947144259600
1705102017552
1413044240400
1739461756944
7237019893760
8246337211408
210453397520
536870914048
7408818585600
498216209424
11824044966928
1065151892496
9350143804432
5690831668224
4007204487168
1052266987520
4780298601472
6631429506048
1292785156096
1636382541840
841813593104
10930691769344
1327144894480
12098922873856
8662949037056
7181185320976
949187774464
1168231107584
10930691769360
1533303325712
2886218027008
11068130721792
11961483921424
1120986466320
10810432685056
7168300418048
7563437408272
519691042832
5106716115968
2701534429184
6120328397824
9470402888704
12631498818576
639950129152
11171209938944
11549167062032
584115555328
841813593088
4952097294336
1000727380992
13026635808768
4402341479424
2284922602496
2821793514512
1017907250176
11755325491200
4780298602496
4849018078208
1185410976784
7610682050560
10724533338128
11755325490192
10020158702608
5312874546176
3904125274128
6412386176016
618475293696
468151437328
2267742733328
4316442135568
3904125273104
9693741188096
9453223020544
11136850200592
7855495185424
8834747729936
10741713208336
3886945404928
10346576216064
2491081032720
5450313500672
7490422966272
1533303324672
3955664879632
10157597656064
5570572584976
240518171648
7713761265680
1241245548560
8989366551568
725849475072
11239929414672
11789685229584
154618825744
12163347383312
1035087120384
7821135446032
8611409428496
9985798964224
8267812045824
11652246276112
3951369914384
7460358195216
2594160249872
4058744095760
2254857830400
1395864372224
8662949037072
983547511808
8989366551552
2753074038784
9315784066048
11892764444688
743029344256
7168300418064
10724533339152
4745938863120
639950129168
10690173599760
7391638718480
622770257920
12459700127760
7580617278464
11102490460176
11063835757584
10857677325328
2439541425152
171798694928
8246337211392
657129998336
1687922148352
6171868007424
10947871639568
536870912000
2615635085312
11029476018176
2972117370896
1189705943040
1619202672656
1151051238400
777389080592
11617886538768
5484673236992
10118942951440
2680059596800
6274947219456
3801046056960
10290741643280
6287832122368
721554508800
11343008630784
4969277162512
1619202670608
8160437863424
2731599203344
399431958528
4041564226560
605590390784
7700876362752
1636382539792
8199092570128
6579889898496
1138166334464
4007204488208
2529735739408
11858404706320
3813930959888
3904125272064
9006546419712
1275605287952
11755325491216
347892352000
1344324765712
1722281885712
10518374907904
6579889898512
10793252815888
6408091209744
11755325490176
2684354563088
2117418876928
2787433775120
5862630360080
1258425417728
10857677325312
10552734648336
1151051238416
828928690192
2546915607568
313532612608
1275605287936
6498285518848
1120986465280
12975096201216
7237019894784
2357937046528
7219840026640
5656471928832
8143257995280
4294967297040
5261334938640
1133871369232
6000069313536
10037338571792
7730941134848
7404523620352
824633723920
11102490463232
313532613632
11858404706304
11171209936912
7460358193152
2512555868176
4230542788608
4849018080256
3869765534720
6549825127440
2117418880000
382252090368
7408818586624
914828036112
9625021711360
691489734656
4436701218832
9315784065024
2731599203328
1241245549568
9878424781824
9814000271376
811748820992
10604274254848
687194770432
8972186682368
9968619095040
1309965025280
7559142443024
4763118731264
1361504632848
485331304448
11343008629776
790273985552
8645769168896
12236361827328
11927124182032
3504693314576
983547512848
7507602836480
10363756086288
7786775708672
4075923964944
2409476653056
6171868004368
4672924422160
7198365190160
1120986466304
11239929416720
1567663064064
8748848382992
9453223019520
7215545060352
2684354560000
11343008628752
4591320040464
10604274254864
10741713208320
261993007104
1172526071824
11617886536704
1185410976768
5037996639248
7700876362768
8353711390720
10209137262592
11892764443648
468151435280
7799660610560
11308648892416
639950128128
7181185320960
7765300873232
1047972023296
11377368369152
206158433280
416611829760
1602022802448
3869765533696
6343666698240
10587094384640
6343666697232
8834747728912
12030203397136
725849473040
9332963935248
13095355285504
4952097293312
8439610738704
8229157341200
10827612554240
9487582757888
2873333122064
1189705942016
12425340390416
622770258944
12390980652032
1464583850000
5828270622736
11205569677312
4127463573520
4728758993920
519691044880
2473901165584
399431960576
6498285520896
9521942496272
365072222224
8645769167872
5738076308480
4539780431872
8263517079552
2667174691840
8675833938960
5828270621712
11377368370176
11892764444672
9436043149328
2546915609600
11480447584272
6343666696208
2512555869200
6549825128448
8418135901184
11995843660816
450971568144
9603546875920
7563437409296
6515465390096
910533069840
11549167062016
1065151892480
670014901248
12992276071424
4763118732288
2770253906944
227633267712
6549825127424
4488240824336
1052266988544
8332236556288
760209212416
9659381448704
2130303782912
11343008631824
9264244458512
5759551144976
7718056231952
10191957394448
10827612553232
6116033432576
1224065681408
6051608920064
5106716114960
966367643648
914828034064
687194770448
11171209937936
846108558336
9504762627072
10002978832384
12133282611216
5016521802768
1000727379984
11029476018192
8456790605824
9968619097088
11016591115264
9865539880976
12837657250832
11927124184080
9191230014480
5738076308496
7151120548864
7838315315200
4436701216768
4007204488192
2581275344912
9126805504016
10844792424464
566935686144
773094116368
927712939024
1155346204672
6412386176000
12768937773072
4780298601488
8216272438272
2083059139600
5398773892112
6498285519888
7872675054608
8229157341184
1430224109568
2306397437952
10312216480768
10535554779136
11892764445712
9865539879952
532575947792
4677219388416
1219770715136
4797478471696
382252091408
1533303325696
9676561319936
8199092568064
12631498820608
8504035247120
12700218297360
5377299055616
158913789952
5622112191504
3264175146000
11102490461184
11171209937920
2461016261632
743029344272
1722281887760
7786775709696
962072677376
1498943586304
10209137263616
6597069767680
6167573041152
2611340120064
11239929415696
4677219387408
10879152161792
6360846566416
8250632177680
7219840025616
485331305472
10209137263632
11239929413648
4127463571472
12133282612224
12390980650000
433791698944
10140417786880
11205569676288
11961483921408
206158433296
6665789244416
1550483193872
554050781200
721554508816
2890512991232
4849018080272
9191230014464
11411728107536
639950127104
657129996304
794568949760
11514807323648
10599979288592
1069446856720
158913792016
5158255724560
450971566080
5931349836800
11239929416704
9865539878912
7507602836496
7151120549904
158913790976
7614977016848
12030203396112
1705102016512
8336531522576
296352745472
2753074037776
519691044864
635655162880
8542689951760
8383776163856
12562779341840
5141075855360
2804613645328
2147483649024
10879152162816
11892764445696
11755325492240
7267084667904
10977936411664
4591320039440
2821793515520
4672924422144
962072677392
932007905296
5295694676992
8147552960512
2667174692880
5570572586000
11652246277120
4745938862096
1327144896528
6360846565376
2753074036736
9178345113616
8748848381968
382252089344
6309306958848
932007903232
5398773892096
9848360010768
1155346202640
9161165243392
10879152162832
2388001817600
8628589298688
1000727382016
996432415744
1013612284928
502511175696
2869038156816
11205569678352
10672993732608
10874857196544
2267742733312
6532645258240
2611340120080
1653562411024
498216209408
8130373091328
1116691500032
468151437312
11377368368144
1052266987536
3852585664528
8383776163840
8783208120336
5089536247808
1309965025296
1533303324688
12665858558992
7340099108864
8800387990528
571230651392
11549167058960
8147552961536
244813135888
1258425419792
3143916061696
6498285519872
1653562409984
4058744095744
1567663064080
11652246275088
2409476654080
6034429050896
5570572582928
6408091209728
13043815677952
811748821008
622770259968
932007905280
4247722656768
10672993731600
395136994304
5570572585984
11617886537728
9968619096064
674309867520
4917737555984
7645041788944
4041564225536
8491150344192
13078175417344
8199092569088
7580617279504
12528419605504
949187774480
1756641625104
7232724928528
7271379633168
5982889443328
6700148982784
4024384356368
11136850199552
5845450490880
5467493368832
1224065679376
8538394986496
966367642624
1584842932240
11308648892432
12597139081232
8675833938944
1670742278160
8216272437248
10312216478720
11858404707328
2044404435984
10874857196560
4677219385360
8800387989504
347892350976
2680059596816
5141075853328
4179003180048
13078175416320
4127463572496
12064563135504
12098922874880
6103148527632
7597797146624
11617886535696
6051608922128
7576322313216
4591320041472
1670742279168
8126078127120
10295036608528
12906376725504
4367981742080
227633268736
5123895985152
11720965753856
10123237916688
176093660160
12562779342864
9092445765648
8766028254208
6567004995584
725849473024
8250632176640
7477538063360
10535554778128
12356620912656
2937757634576
6567004996608
11377368369168
8160437863440
1447403980816
11927124183040
11686606015488
11343008631808
5330054414336
5394478927872
11171209938960
1086626725904
11549167060992
4655744549904
8538394986512
743029342224
502511173632
944892808192
9706626089984
4419521348624
6274947220480
8130373092368
11377368370192
4436701217792
429496732688
12030203399184
8955006813184
2598455214080
12562779343872
1052266989568
1602022802432
1395864371216
1619202671616
1309965027344
9625021713424
244813137936
10393820857344
8955006813200
605590388752
652835032064
4058744094736
6515465389056
11789685230608
6412386172928
