9642201580544
7460358194176
10312216480784
2164663518224
9332963934224
12202002088960
8439610736656
2370821948432
8388071129104
8937826945024
1739461755904
4849018077200
2615635086336
11617886537744
468151435264
1103806597120
4316442132496
1292785156112
9504762626064
9796820405248
9161165242384
12940736462848
4488240825360
1464583848960
4591320040448
11514807322640
296352745488
7614977015824
2216203125760
4849018078224
10140417788928
5205500366864
1498943587328
12734578033680
7219840025600
8336531521552
377957125120
12528419603472
12030203398160
5879810229248
2134598749184
3904125273088
4677219386384
8783208121360
210453398528
846108557312
5673651799040
4488240826384
8937826944000
2684354563072
1395864373264
1550483194896
5037996640272
880468296704
2546915606528
6274947220496
9951439224848
2546915607552
4127463572480
1687922147344
7821135447056
12768937774096
11720965753872
6373731468288
1120986464256
1619202671632
11789685230592
313532612624
4436701217808
2753074039824
6000069312528
7632156884992
11411728108544
360777255952
11824044967952
7679401527296
5278514808848
450971566096
1687922149392
7374458848272
8233452307472
3010772074496
11755325492224
6360846567440
7494717931536
8783208122384
2787433776144
2164663518208
10844792423424
12356620911632
2800318680064
2667174690816
2821793513472
5295694675968
760209211392
9019431322624
4316442133520
5037996641296
893353200640
11961483919376
1378684502016
10295036609552
12133282612240
141733921792
9298604197904
11171209939984
6442450946048
1103806597136
8989366552576
9676561317904
1430224110608
10552734647296
635655162896
7254199762960
7232724928512
8817567859712
9161165244416
11927124182016
2684354562048
532575947776
11063835757568
10552734646272
2684354561024
9109625635840
9281424329728
2684354561040
2319282340880
3801046058000
5931349837840
9607841842192
5467493368848
5690831669264
1705102017536
7735236100096
10724533340160
7662221657104
5158255723520
10393820857360
1017907251216
657129996288
279172874256
12494059867152
7511897800704
12872016986112
416611829776
1584842932224
5759551147008
2753074039808
10329396347920
9775345567760
1327144894464
